                  tsp        |  l_spanning_tree  |    l_2_closest    |    l_1_closest    |  u_spanning_tree  |   u_greedy_path   |     combined      
pearson:        1.00000             0.98324             0.98335             0.98322             0.99199             0.99686             0.99371       
spearman:       1.00000             0.98057             0.98089             0.98020             0.98977             0.99631             0.99240       
kendall:        1.00000             0.88889             0.88970             0.88756             0.91758             0.95747             0.93131       
