                  tsp        |  l_spanning_tree  |    l_2_closest    |    l_1_closest    |  u_spanning_tree  |   u_greedy_path   |     combined      
pearson:        1.00000             0.87702             0.91247             0.89138             0.97385             0.96086             0.97619       
spearman:       1.00000             0.87828             0.91016             0.89304             0.97189             0.95753             0.97248       
kendall:        1.00000             0.69486             0.73599             0.71041             0.85726             0.82805             0.85784       
