                  tsp        |  l_spanning_tree  |    l_2_closest    |    l_1_closest    |  u_spanning_tree  |   u_greedy_path   |     combined      
pearson:        1.00000             0.73857             0.78256             0.73881             0.98195             0.98114             0.94001       
spearman:       1.00000             0.72748             0.75875             0.72383             0.97377             0.97715             0.92359       
kendall:        1.00000             0.53980             0.56889             0.53697             0.87273             0.87838             0.76848       
